1388  475 0.13 0.03 0.02
475  1722 0.14 0.08 0.00
1722  1859 0.17 0.06 0.01
1859  1696 0.43 0.43 0.06
1696  2288 0.05 0.02 0.00
2288  2257 0.11 0.03 0.01
2257  2250 0.40 0.40 0.08
2250  2282 0.26 0.14 0.07
2282  2250 0.26 0.14 0.07
2250  1464 0.10 0.04 0.01
1464  412 0.12 0.04 0.02
412  1464 0.12 0.04 0.02
1464  1466 0.30 0.13 0.01
1466  1406 0.38 0.15 0.01
1406  1444 0.38 0.16 0.01
1444  1447 0.59 0.35 0.02
1447  1420 0.67 0.33 0.03
1420  1441 0.42 0.20 0.02
1441  1477 0.60 0.52 0.03
1477  1441 0.60 0.52 0.03
1441  1466 0.50 0.21 0.01
1466  476 0.03 0.02 0.00
476  2288 0.12 0.11 0.00
2288  2316 0.15 0.08 0.00
2316  1540 0.38 0.18 0.01
1540  1470 0.32 0.16 0.01
1470  1681 0.28 0.14 0.02
1681  1658 0.47 0.39 0.02
1658  1628 0.37 0.18 0.01
1628  1628 1.00 1.00 0.03
1628  1607 0.31 0.15 0.01
1607  293 0.26 0.09 0.03
293  275 0.47 0.29 0.11
275  1647 0.18 0.05 0.01
1647  1527 0.31 0.15 0.01
1527  1645 0.34 0.20 0.01
1645  1638 0.58 0.58 0.01
1638  1685 0.69 0.56 0.02
1685  2214 0.07 0.03 0.01
2214  2125 0.00 0.00 0.00
2125  2214 0.00 0.00 0.00
2214  667 0.11 0.05 0.01
667  662 0.20 0.09 0.02
662  12 0.26 0.14 0.03
12  1065 0.24 0.13 0.03
1065  12 0.24 0.13 0.03
12  667 0.31 0.15 0.02
667  975 0.15 0.13 0.01
975  1545 0.69 0.39 0.04
1545  999 0.71 0.39 0.04
999  283 0.14 0.06 0.01
283  961 0.27 0.13 0.04
961  283 0.27 0.13 0.04
283  470 0.15 0.08 0.02
470  283 0.15 0.08 0.02
283  999 0.14 0.06 0.01
999  968 0.19 0.09 0.02
968  932 0.19 0.09 0.02
932  850 0.10 0.04 0.01
