0.00
0.00
0.00
0.00
0.00
0.00
0.03
0.01
0.01
0.01
0.01
0.01
0.01
0.00
0.00
0.00
0.00
0.00
0.00
0.00
0.00
0.01
0.02
0.02
0.01
0.00
0.00
0.00
0.00
0.00
0.00
0.00
0.00
0.00
0.06
0.08
0.06
0.17
0.04
0.00
0.00
0.06
0.12
0.00
0.00
0.00
0.00
0.00
0.00
0.00
0.00
0.05
0.01
0.00
0.00
0.00
0.00
0.00
0.00
0.00
0.00
0.00
0.08
0.00
0.00
0.00
0.00
0.00
0.00
0.02
0.02
0.01
0.05
0.02
0.00
0.00
0.02
0.02
0.01
0.01
0.00
0.00
0.00
0.00
0.01
0.01
0.00
0.01
0.00
0.00
0.00
0.00
0.00
0.00
0.00
0.12
0.12
0.00
0.00
