0.00
0.00
0.00
0.00
0.00
0.00
0.14
0.21
0.03
0.03
0.03
0.03
0.03
0.00
0.00
0.00
0.00
0.00
0.00
0.00
0.00
0.05
0.09
0.10
0.21
0.00
0.00
0.00
0.00
0.00
0.00
0.00
0.00
0.00
0.14
0.18
0.10
0.33
0.09
0.00
0.00
0.10
0.17
0.00
0.00
0.00
0.00
0.00
0.00
0.00
0.00
0.38
0.10
0.00
0.00
0.00
0.00
0.00
0.00
0.00
0.00
0.00
0.14
0.00
0.00
0.00
0.00
0.00
0.00
0.14
0.13
0.03
0.14
0.14
0.00
0.00
0.14
0.14
0.03
0.03
0.00
0.00
0.00
0.00
0.07
0.04
0.02
0.06
0.11
0.00
0.00
0.00
0.00
0.00
0.00
0.17
0.17
0.00
0.00
