2218
2021
2428
2042
2428
1860
683
635
430
89
430
223
430
1698
2597
2256
2597
2256
2597
2256
2597
1698
686
634
430
635
442
1908
1647
1684
1636
245
172
245
1636
928
983
1002
1735
983
1302
983
887
1531
66
2310
2607
2369
426
303
2091
585
1275
344
2441
2585
1263
1234
977
1234
937
1234
13
482
551
482
551
2215
2650
2215
675
344
2339
675
2215
1877
2215
675
2215
344
1622
1322
1027
56
967
306
552
173
565
566
321
1192
2473
2551
523
508
417
508
523
540
