2218  2021 0.00 0.00 0.00
2021  2428 0.00 0.00 0.00
2428  2042 0.00 0.00 0.00
2042  2428 0.00 0.00 0.00
2428  1860 0.00 0.00 0.00
1860  683 0.00 0.00 0.00
683  635 0.29 0.14 0.03
635  430 0.40 0.21 0.01
430  89 0.10 0.03 0.01
89  430 0.10 0.03 0.01
430  223 0.12 0.03 0.01
223  430 0.12 0.03 0.01
430  1698 0.07 0.03 0.01
1698  2597 0.00 0.00 0.00
2597  2256 0.00 0.00 0.00
2256  2597 0.00 0.00 0.00
2597  2256 0.00 0.00 0.00
2256  2597 0.00 0.00 0.00
2597  2256 0.00 0.00 0.00
2256  2597 0.00 0.00 0.00
2597  1698 0.00 0.00 0.00
1698  686 0.11 0.05 0.01
686  634 0.19 0.09 0.02
634  430 0.25 0.10 0.02
430  635 0.40 0.21 0.01
635  442 0.00 0.00 0.00
442  1908 0.00 0.00 0.00
1908  1647 0.00 0.00 0.00
1647  1684 0.00 0.00 0.00
1684  1636 0.00 0.00 0.00
1636  245 0.00 0.00 0.00
245  172 0.00 0.00 0.00
172  245 0.00 0.00 0.00
245  1636 0.00 0.00 0.00
1636  928 0.24 0.14 0.06
928  983 0.41 0.18 0.08
983  1002 0.25 0.10 0.06
1002  1735 0.41 0.33 0.17
1735  983 0.20 0.09 0.04
983  1302 0.00 0.00 0.00
1302  983 0.00 0.00 0.00
983  887 0.25 0.10 0.06
887  1531 0.35 0.17 0.12
1531  66 0.00 0.00 0.00
66  2310 0.00 0.00 0.00
2310  2607 0.00 0.00 0.00
2607  2369 0.00 0.00 0.00
2369  426 0.00 0.00 0.00
426  303 0.00 0.00 0.00
303  2091 0.00 0.00 0.00
2091  585 0.00 0.00 0.00
585  1275 0.38 0.38 0.05
1275  344 0.19 0.10 0.01
344  2441 0.00 0.00 0.00
2441  2585 0.00 0.00 0.00
2585  1263 0.00 0.00 0.00
1263  1234 0.00 0.00 0.00
1234  977 0.00 0.00 0.00
977  1234 0.00 0.00 0.00
1234  937 0.00 0.00 0.00
937  1234 0.00 0.00 0.00
1234  13 0.00 0.00 0.00
13  482 0.29 0.14 0.08
482  551 0.00 0.00 0.00
551  482 0.00 0.00 0.00
482  551 0.00 0.00 0.00
551  2215 0.00 0.00 0.00
2215  2650 0.00 0.00 0.00
2650  2215 0.00 0.00 0.00
2215  675 0.15 0.14 0.02
675  344 0.27 0.13 0.02
344  2339 0.10 0.03 0.01
2339  675 0.22 0.14 0.05
675  2215 0.15 0.14 0.02
2215  1877 0.00 0.00 0.00
1877  2215 0.00 0.00 0.00
2215  675 0.15 0.14 0.02
675  2215 0.15 0.14 0.02
2215  344 0.07 0.03 0.01
344  1622 0.08 0.03 0.01
1622  1322 0.00 0.00 0.00
1322  1027 0.00 0.00 0.00
1027  56 0.00 0.00 0.00
56  967 0.00 0.00 0.00
967  306 0.11 0.07 0.01
306  552 0.13 0.04 0.01
552  173 0.05 0.02 0.00
173  565 0.20 0.06 0.01
565  566 0.24 0.11 0.00
566  321 0.00 0.00 0.00
321  1192 0.00 0.00 0.00
1192  2473 0.00 0.00 0.00
2473  2551 0.00 0.00 0.00
2551  523 0.00 0.00 0.00
523  508 0.00 0.00 0.00
508  417 0.35 0.17 0.12
417  508 0.35 0.17 0.12
508  523 0.00 0.00 0.00
523  540 0.00 0.00 0.00
