2480  3236 0.00 0.00 0.00
3236  616 0.00 0.00 0.00
616  2018 0.00 0.00 0.00
2018  616 0.00 0.00 0.00
616  3236 0.00 0.00 0.00
3236  2480 0.00 0.00 0.00
2480  3236 0.00 0.00 0.00
3236  616 0.00 0.00 0.00
616  571 0.00 0.00 0.00
571  697 0.09 0.03 0.01
697  469 0.14 0.07 0.01
469  633 0.18 0.08 0.03
633  469 0.18 0.08 0.03
469  22 0.00 0.00 0.00
22  899 0.22 0.10 0.05
899  390 0.07 0.01 0.01
390  525 0.08 0.02 0.00
525  364 0.21 0.08 0.01
364  439 0.52 0.51 0.02
439  747 0.24 0.11 0.01
747  805 0.31 0.25 0.03
805  698 0.00 0.00 0.00
698  572 0.30 0.14 0.02
572  697 0.19 0.11 0.01
697  471 0.04 0.03 0.00
471  566 0.14 0.06 0.01
566  152 0.00 0.00 0.00
152  573 0.00 0.00 0.00
573  572 0.11 0.09 0.01
572  698 0.30 0.14 0.02
698  694 0.10 0.05 0.01
694  184 0.00 0.00 0.00
184  1249 0.00 0.00 0.00
1249  522 0.00 0.00 0.00
522  54 0.20 0.10 0.01
54  422 0.21 0.20 0.02
422  28 0.55 0.53 0.04
28  422 0.55 0.53 0.04
422  1899 0.00 0.00 0.00
1899  1898 0.00 0.00 0.00
1898  1899 0.00 0.00 0.00
1899  422 0.00 0.00 0.00
422  469 0.27 0.20 0.03
469  586 0.16 0.08 0.03
586  443 0.52 0.29 0.13
443  443 1.00 1.00 0.33
443  443 1.00 1.00 0.33
443  586 0.52 0.29 0.13
586  443 0.52 0.29 0.13
443  586 0.52 0.29 0.13
586  443 0.52 0.29 0.13
443  443 1.00 1.00 0.33
443  443 1.00 1.00 0.33
443  60 0.82 0.67 0.33
60  586 0.32 0.14 0.10
586  60 0.32 0.14 0.10
60  443 0.82 0.67 0.33
443  586 0.52 0.29 0.13
586  422 0.23 0.13 0.03
